((("cars" .
   [1 0 0 0])
  ("sum_time" .
   [2 0 0 0 0 0 0 0])
  ("def" .
   [0 0 1])
  ("delete_carsID_litst" .
   [0 0 0 0 0 1 1 0 0 0 0 0 0 0 0 0 0 0 0])
  ("now_carID_list" .
   [1 0 0 1 0 0 0 0 0 0 0 0 0 0])
  ("index" .
   [1 0 0 0 0])
  ("car" .
   [8 0 0])
  ("car_list" .
   [4 0 0 0 0 0 0 0])
  ("now_cars" .
   [2 0 0 1 0 0 0 0])
  ("rows" .
   [1 0 0 0])
  ("csv_file" .
   [3 0 0 0 0 0 0 0])
  ("FFF" .
   [1 0 0])
  ("id" .
   [2 0])
  ("soon" .
   [2 0 0 0])
  ("coming" .
   [1 0 0 0 0 0])
  ("br" .
   [2 0])
  ("放物線が切り取る線分" .
   [1 0 0 0 0 0 1 0 0 0])
  ("aaa" .
   [1 0 0])
  ("menu_button_ta" .
   [1 0 0 0 0 0 0 0 0 0 0 0 0 0])
  ("function" .
   [0 0 0 0 0 0 0 1])
  ("logから描画に必要な情報を整形" .
   [0 0 0 2 0 0 0 0 0 0 0 0 0 0 0 0])
  ("innerText" .
   [0 0 0 0 1 0 0 0 1])
  ("bt_obj" .
   [0 0 0 1 1 0])
  ("log" .
   [0 0 3])
  ("null" .
   [3 0 0 0])
  ("const" .
   [1 0 0 0 0])
  ("canvas1" .
   [2 0 1 0 0 0 0])
  ("context1" .
   [1 0 0 0 0 0 0 0])
  ("FCF17A" .
   [0 2 0 0 0 0])
  ("onclick" .
   [0 0 0 1 2 0 1])
  ("start" .
   [4 0 0 0 0])
  ("canvas" .
   [1 0 0 0 0 0])
  ("canvas-wrapper" .
   [0 0 0 0 0 0 0 0 1 0 0 0 0 0])
  ("test" .
   [5 0 0 0])
  ("switch" .
   [0 0 1 0 0 0])
  ("TEST" .
   [1 0 0 0])
  ("cout" .
   [0 0 0 1])
  ("staff" .
   [1 0 0 0 0])
  ("0px" .
   [1 0 0])))
